1720184369
1720184406
1720184443
1720184502
1720184560
1720184594
1720184650
1720184704
1720184738
1720184796
1720184832
1720184865
1720184915
1720184949
1720184994
1720185028
1720185070
1720185105
1720185152
1720185187
1720185241
1720185291
1720185333
1720185368
1720185410
1720185454
1720185509
1720185550
1720185582
1720185630
1720185662
1720185699
1720185752
1720185809
1720185851
1720185907
1720185949
1720186009
1720186052
1720186092
1720186145
1720186202
1720186244
1720186285
1720186332
1720186364
1720186405
1720186440
1720186477
1720186527
1720186561
1720186618
1720186659
1720186709
1720186762
1720186795
1720186854
1720186908
1720186952
1720186989
1720187043
1720187087
1720187142
1720187191
1720187237
1720187294
1720187351
1720187408
1720187456
1720187493
1720187537
1720187580
1720187636
1720187675
1720187731
1720187764
1720187812
1720187850
1720187899
1720187932
1720187967
1720188017
1720188066
1720188111
1720188145
1720188207
1720188266
1720188307
1720188350
1720188391
1720188446
1720188479
1720188527
1720188580
1720188638
1720188677
1720188715
1720188773
1720188820
1720188858
